旧程序手动不起作用时：
AA 01 01 00 37 00 17 00 00 CC
AA 01 00 00 3A 00 17 00 00 CC
AA 00 02 07 00 02 05 01 08 00 00 00 00 3B CC
旧程序手动起作用时：
AA 01 01 00 0F 00 17 00 00 CC
AA 00 02 05 00 02 05 01 08 00 00 01 00 3B CC
新程序未手动
AA 01 00 00 12 00 17 00 00 CC
AA 00 02 05 00 02 05 01 08 00 00 00 01 04 CC
新程序手动
AA 01 01 00 17 00 17 00 00 CC
AA 00 02 05 00 02 05 01 08 00 00 01 01 03 CC
新程序手动不起作用时：
AA 01 00 01 00 00 17 00 00 CC
AA 00 02 07 00 02 05 01 08 00 00 00 01 01 CC
AA 01 01 01 04 00 17 00 00 CC
AA 00 02 05 00 02 05 01 08 00 00 00 01 01 CC
新程序手动不起作用，但是过一会儿启动，并且不能关闭，约1分钟后又关闭(0606)：
AA 01 01 09 18 00 17 00 00 CC
AA 00 02 07 00 02 08 01 08 00 01 00 01 04 CC
AA 01 00 09 19 00 17 00 00 CC
AA 00 02 07 00 02 08 01 08 00 01 01 01 03 CC
AA 01 00 09 23 00 17 00 00 CC
AA 00 02 07 00 02 07 01 08 00 01 00 01 04 CC
AA 01 00 09 29 00 17 00 00 CC
AA 00 02 07 00 02 07 01 08 00 01 00 01 04 CC
AA 01 01 09 2E 00 17 00 00 CC
AA 00 02 07 00 02 07 01 08 00 01 01 01 04 CC
AA 01 00 09 30 00 17 00 00 CC
AA 00 02 07 00 02 07 01 08 00 01 01 01 03 CC
